<__main__.MarioneteEmployee object at 0x0000000002A2B358>
None
<__main__.MarioneteEmployee object at 0x0000000002A2B390>
6,9
82590.0820308
2016-07-29 17:33:55.735000
None
7,1018
None
92514.7465895
<__main__.MarioneteEmployee object at 0x0000000002A2B470>
2016-07-29 17:33:55.736000
-38051.7753764
otpvezvgyz
72411.6716613
2016-07-29 17:33:55.736000
None
-11750.1635397
8,0975
kmwandlmhe
<__main__.MarioneteEmployee object at 0x0000000002A2B4A8>
-35264.5000969
25169.3225608
-28500.3206157
15411.476176
-91477.0527085
6290.61273877
-87111.62992
-52131.4191157
53786.1899672
-7393.34792578
53268.6456969
-93854.4132157
-71187.1315926
40441.0128737
-49031.4252378
-35825.0972517
-9059.5366122
-34542.7493129
-70704.7329991
39578.4246859
-99867.3044195
-33599.1846429
58543.7000778
57344.4113067
-67505.7206524
5225.78823017
-45212.9824728
-79616.6641693
55928.037341
15342.8712864
7555.79489049
14266.562137
72843.446703
-76426.8603543
90257.1009911
80655.9590487
-33008.6154933
34112.6555978
78822.6464162
-92382.5537416
-43648.6235416
-44618.5146951
1442.13229144
-80514.2529514
-58370.7138804
-45555.2635389
71565.5363975
-16028.6603701
-27928.9240195
72044.4989849
82942.537251
-47535.3031167
-92405.0728562
-71512.320035
97951.0544355
60110.8053253
62854.2252912
-1387.34512175
-78263.606009
-98647.9012141
765.063814761
88847.5256795
37704.8480274
-79348.8348935
-87085.8410139
-16211.2614642
17113.4573564
99872.3286045
14203.9502416
92466.0921557
-59946.9007461
-24092.6920858
65423.750178
20351.6502743
-82069.8421227
-55466.4245226
94899.3679534
37504.7263013
10728.9773847
